Bubble sort:
1 1 2 3 3 4 4 4 5 12 13 32 65 65 123 132 132 132 213 312 321 849 
timp: 0.014
Count sort:
1 1 2 3 3 4 4 4 5 12 13 32 65 65 123 132 132 132 213 312 321 849 
timp: 0.016
Merge Sort:
1 1 2 3 3 4 4 4 5 12 13 32 65 65 123 132 132 132 213 312 321 849 
timp: 0.016
Quick Sort:
1 1 2 3 3 4 4 4 5 12 13 32 65 65 123 132 132 132 213 312 321 849 
timp: 0.016
Radix Sort:
1 1 2 3 3 4 4 4 5 12 13 32 65 65 123 132 132 132 213 312 321 849 
timp: 0.016

Bubble sort:
1 1 1 1 2 3 4 5 5 6 6 6 7 8 8 12 13 18 21 23 31 32 49 61 61 64 94 132 135 153 189 198 231 312 315 321 321 321 431 489 612 615 651 651 651 651 651 651 681 918 948 3261 6514 
timp: 0.016
Count sort:
1 1 1 1 2 3 4 5 5 6 6 6 7 8 8 12 13 18 21 23 31 32 49 61 61 64 94 132 135 153 189 198 231 312 315 321 321 321 431 489 612 615 651 651 651 651 651 651 681 918 948 3261 6514 
timp: 0.015
Merge Sort:
1 1 1 1 2 3 4 5 5 6 6 6 7 8 8 12 13 18 21 23 31 32 49 61 61 64 94 132 135 153 189 198 231 312 315 321 321 321 431 489 612 615 651 651 651 651 651 651 681 918 948 3261 6514 
timp: 0.015
Quick Sort:
1 1 1 1 2 3 4 5 5 6 6 6 7 8 8 12 13 18 21 23 31 32 49 61 61 64 94 132 135 153 189 198 231 312 315 321 321 321 431 489 612 615 651 651 651 651 651 651 681 918 948 3261 6514 
timp: 0.016
Radix Sort:
1 1 1 1 2 3 4 5 5 6 6 6 7 8 8 12 13 18 21 23 31 32 49 61 61 64 94 132 135 153 189 198 231 312 315 321 321 321 431 489 612 615 651 651 651 651 651 651 681 918 948 3261 6514 
timp: 0.016

